Name:Sarin
Peaks:140 1000.00; 0 0.00; 0 0.00; 0 0.00; 0 0.00; 0 0.00; 0 0.00; 0 0.00; 0 0.00; 0 0.00; 

Name:Carbonyl fluoride
Peaks:66 1000.00; 0 0.00; 0 0.00; 0 0.00; 0 0.00; 0 0.00; 0 0.00; 0 0.00; 0 0.00; 0 0.00; 

Name:
Peaks:0 0.00; 0 0.00; 0 0.00; 0 0.00; 0 0.00; 0 0.00; 0 0.00; 0 0.00; 0 0.00; 0 0.00; 

Name:Acetaldehyde
Peaks:29 1000.00; 44 457.00; 43 267.00; 42 92.00; 26 91.00; 25 48.00; 27 45.00; 41 39.00; 28 27.00; 24 16.00; 

Name:Acetic acid
Peaks:43 1000.00; 45 936.00; 60 577.00; 29 156.00; 42 145.00; 28 56.00; 44 49.00; 41 45.00; 31 45.00; 0 0.00; 

Name:Acetone
Peaks:43 1000.00; 58 271.00; 27 80.00; 42 70.00; 26 58.00; 29 43.00; 39 38.00; 38 23.00; 41 21.00; 37 21.00; 

Name:Acetylene
Peaks:26 1000.00; 25 201.00; 24 56.00; 13 56.00; 27 28.00; 12 25.00; 28 2.00; 14 2.00; 0 0.00; 0 0.00; 

Name:Ammonia
Peaks:17 1000.00; 16 800.00; 15 75.00; 14 22.00; 18 4.00; 0 0.00; 0 0.00; 0 0.00; 0 0.00; 0 0.00; 

Name:Apiezon B oil
Peaks:55 1000.00; 59 941.00; 43 682.00; 41 391.00; 57 256.00; 42 183.00; 29 151.00; 0 0.00; 0 0.00; 0 0.00; 

Name:Argon
Peaks:40 1000.00; 20 107.00; 36 3.00; 38 1.00; 0 0.00; 0 0.00; 0 0.00; 0 0.00; 0 0.00; 0 0.00; 

Name:Arsenic Hydride
Peaks:76 1000.00; 78 722.00; 75 353.00; 77 238.00; 38 18.00; 2 12.00; 36 6.00; 28 4.00; 17 3.00; 37 1.10; 

Name:Benzene
Peaks:78 1000.00; 52 194.00; 51 186.00; 50 157.00; 77 144.00; 39 142.00; 38 58.00; 0 0.00; 0 0.00; 0 0.00; 

Name:Boron trichloride
Peaks:81 1000.00; 83 647.00; 35 287.00; 80 243.00; 116 215.00; 118 207.00; 82 159.00; 11 124.00; 46 118.00; 85 104.00; 

Name:Boron trifluoride
Peaks:49 1000.00; 48 269.00; 11 54.00; 68 48.00; 10 15.00; 67 13.00; 19 12.00; 47 7.00; 30 1.00; 0 0.00; 

Name:Bromotrifluoromethane
Peaks:69 1000.00; 131 190.00; 129 190.00; 79 140.00; 81 130.00; 50 120.00; 148 100.00; 31 100.00; 150 90.00; 0 0.00; 

Name:But-1-ene
Peaks:41 1000.00; 56 388.00; 39 339.00; 28 270.00; 27 251.00; 55 181.00; 29 125.00; 26 82.00; 40 64.00; 53 54.00; 

Name:Carbon dioxide
Peaks:44 1000.00; 28 114.00; 16 85.00; 12 60.00; 45 13.00; 22 12.00; 46 4.00; 29 1.00; 13 1.00; 0 0.00; 

Name:Carbon disulfide
Peaks:76 1000.00; 32 218.00; 44 173.00; 78 89.00; 38 64.00; 28 54.00; 77 26.00; 34 1.00; 14 1.00; 0 0.00; 

Name:Carbon monoxide
Peaks:28 1000.00; 12 45.00; 29 11.00; 16 9.00; 14 6.00; 30 2.00; 0 0.00; 0 0.00; 0 0.00; 0 0.00; 

Name:Carbon Tetrachloride
Peaks:117 1000.00; 119 974.00; 121 317.00; 82 194.00; 84 127.00; 47 127.00; 35 64.00; 49 43.00; 37 22.00; 0 0.00; 

Name:Carbon tetrafluoride
Peaks:69 1000.00; 50 120.00; 19 70.00; 31 50.00; 0 0.00; 0 0.00; 0 0.00; 0 0.00; 0 0.00; 0 0.00; 

Name:Diborane
Peaks:26 1000.00; 27 974.00; 24 896.00; 25 567.00; 23 457.00; 11 284.00; 13 244.00; 12 181.00; 22 112.00; 10 63.00; 

Name:DP Oil DC705
Peaks:78 1000.00; 76 830.00; 39 730.00; 43 590.00; 91 320.00; 0 0.00; 0 0.00; 0 0.00; 0 0.00; 0 0.00; 

Name:DP Oil Fomblin
Peaks:69 1000.00; 20 280.00; 16 160.00; 31 90.00; 97 80.00; 47 80.00; 0 0.00; 0 0.00; 0 0.00; 0 0.00; 

Name:DP Oil PPE
Peaks:50 1000.00; 77 890.00; 63 290.00; 62 270.00; 64 210.00; 38 70.00; 0 0.00; 0 0.00; 0 0.00; 0 0.00; 

Name:Ethane
Peaks:28 1000.00; 27 333.00; 30 262.00; 26 230.00; 12 46.00; 25 42.00; 14 34.00; 0 0.00; 0 0.00; 0 0.00; 

Name:Ethanol
Peaks:31 1000.00; 45 514.00; 29 298.00; 27 224.00; 46 216.00; 43 114.00; 26 98.00; 30 81.00; 15 66.00; 42 47.00; 

Name:Ethene, chloro-
Peaks:27 1000.00; 62 766.00; 26 340.00; 64 242.00; 25 137.00; 35 87.00; 61 68.00; 60 46.00; 47 42.00; 63 38.00; 

Name:Ethyl Alcohol
Peaks:31 1000.00; 45 344.00; 27 239.00; 29 234.00; 46 165.00; 26 83.00; 43 76.00; 28 69.00; 30 60.00; 18 55.00; 

Name:Ethyl Methyl Ketone
Peaks:43 1000.00; 29 250.00; 72 160.00; 27 160.00; 57 60.00; 42 50.00; 0 0.00; 0 0.00; 0 0.00; 0 0.00; 

Name:Ethylene
Peaks:28 1000.00; 27 648.00; 26 623.00; 25 117.00; 14 63.00; 24 37.00; 13 35.00; 29 22.00; 12 21.00; 0 0.00; 

Name:Ethylene Glycol
Peaks:31 1000.00; 33 286.00; 15 179.00; 29 174.00; 43 67.00; 27 58.00; 19 30.00; 30 28.00; 44 25.00; 42 23.00; 

Name:Formic acid
Peaks:29 1000.00; 46 609.00; 45 476.00; 28 172.00; 17 171.00; 44 100.00; 16 52.00; 12 33.00; 13 29.00; 30 16.00; 

Name:Freon 12
Peaks:85 1000.00; 87 320.00; 50 160.00; 66 50.00; 47 50.00; 37 40.00; 68 20.00; 49 20.00; 35 12.00; 31 11.00; 

Name:Freon 13
Peaks:69 1000.00; 85 180.00; 50 64.00; 87 57.00; 35 31.00; 31 18.00; 70 12.00; 37 10.00; 104 7.00; 33 7.00; 

Name:Freon 23
Peaks:69 1000.00; 51 910.00; 31 490.00; 85 180.00; 1 80.00; 87 57.00; 12 40.00; 19 30.00; 13 30.00; 50 20.00; 

Name:Helium
Peaks:4 1000.00; 0 0.00; 0 0.00; 0 0.00; 0 0.00; 0 0.00; 0 0.00; 0 0.00; 0 0.00; 0 0.00; 

Name:Hexafluoroethane
Peaks:69 1000.00; 119 413.00; 31 183.00; 50 101.00; 12 15.00; 19 12.00; 70 11.00; 120 9.00; 100 6.00; 0 0.00; 

Name:Hexene-1
Peaks:56 1000.00; 41 951.00; 42 722.00; 55 642.00; 43 588.00; 27 321.00; 39 308.00; 84 291.00; 69 239.00; 29 185.00; 

Name:Hydrofluoric acid
Peaks:20 1000.00; 0 0.00; 0 0.00; 0 0.00; 0 0.00; 0 0.00; 0 0.00; 0 0.00; 0 0.00; 0 0.00; 

Name:Hydrogen
Peaks:2 1000.00; 0 0.00; 0 0.00; 0 0.00; 0 0.00; 0 0.00; 0 0.00; 0 0.00; 0 0.00; 0 0.00; 

Name:Hydrogen chloride
Peaks:36 1000.00; 38 324.00; 35 170.00; 37 54.00; 0 0.00; 0 0.00; 0 0.00; 0 0.00; 0 0.00; 0 0.00; 

Name:Hydrogen sulfide
Peaks:34 1000.00; 32 444.00; 33 420.00; 36 42.00; 35 25.00; 2 2.00; 0 0.00; 0 0.00; 0 0.00; 0 0.00; 

Name:Isopropyl Alcohol
Peaks:45 1000.00; 43 166.00; 27 157.00; 29 101.00; 41 66.00; 19 66.00; 39 57.00; 31 56.00; 42 40.00; 59 34.00; 

Name:Krypton
Peaks:84 1000.00; 86 305.30; 82 203.20; 83 203.00; 42 100.00; 80 39.90; 43 30.00; 41 20.00; 78 6.20; 40 4.00; 

Name:Methane
Peaks:16 1000.00; 15 858.00; 14 156.00; 13 77.00; 2 30.00; 12 24.00; 17 12.00; 0 0.00; 0 0.00; 0 0.00; 

Name:Methyl Alcohol
Peaks:31 1000.00; 32 667.00; 29 647.00; 28 64.00; 18 19.00; 33 10.00; 30 8.00; 0 0.00; 0 0.00; 0 0.00; 

Name:MP Oil
Peaks:43 1000.00; 41 910.00; 57 730.00; 55 640.00; 71 200.00; 39 190.00; 0 0.00; 0 0.00; 0 0.00; 0 0.00; 

Name:N-Butane
Peaks:43 1000.00; 29 442.00; 27 371.00; 28 326.00; 41 278.00; 42 125.00; 39 125.00; 58 123.00; 26 62.00; 15 53.00; 

Name:Neon
Peaks:20 1000.00; 22 99.00; 21 3.00; 0 0.00; 0 0.00; 0 0.00; 0 0.00; 0 0.00; 0 0.00; 0 0.00; 

Name:Nitric oxide
Peaks:30 1000.00; 14 75.00; 15 24.00; 16 15.00; 31 4.00; 32 2.00; 0 0.00; 0 0.00; 0 0.00; 0 0.00; 

Name:Nitrogen
Peaks:28 1000.00; 14 72.00; 29 8.00; 15 0.70; 0 0.00; 0 0.00; 0 0.00; 0 0.00; 0 0.00; 0 0.00; 

Name:Nitrogen dioxide
Peaks:30 1000.00; 46 370.00; 16 223.00; 14 96.00; 47 1.00; 0 0.00; 0 0.00; 0 0.00; 0 0.00; 0 0.00; 

Name:Nitrous Oxide
Peaks:44 1000.00; 30 311.00; 14 129.00; 28 108.00; 16 50.00; 45 7.00; 46 2.00; 31 1.00; 29 1.00; 15 1.00; 

Name:O-Xylene
Peaks:91 1000.00; 106 577.00; 105 241.00; 39 174.00; 51 161.00; 77 127.00; 78 84.00; 27 11.00; 0 0.00; 0 0.00; 

Name:Octene-1
Peaks:43 1000.00; 55 992.00; 56 866.00; 70 857.00; 41 818.00; 42 661.00; 69 443.00; 29 353.00; 83 335.00; 39 283.00; 

Name:Oxygen
Peaks:32 1000.00; 16 114.00; 34 4.00; 33 1.00; 0 0.00; 0 0.00; 0 0.00; 0 0.00; 0 0.00; 0 0.00; 

Name:Phosgene
Peaks:63 1000.00; 65 350.00; 35 210.00; 37 70.00; 28 70.00; 70 40.00; 44 40.00; 72 30.00; 47 30.00; 36 30.00; 

Name:Phosphine
Peaks:34 1000.00; 33 331.00; 31 321.00; 32 127.00; 2 10.00; 15 7.00; 16 5.00; 17 3.00; 0 0.00; 0 0.00; 

Name:Polyphenyl Ether Oil
Peaks:446 1000.00; 77 790.00; 51 282.00; 39 99.00; 50 77.00; 52 71.00; 53 52.00; 54 32.00; 0 0.00; 0 0.00; 

Name:Propane
Peaks:29 1000.00; 26 760.00; 28 591.00; 15 390.00; 27 379.00; 44 262.00; 14 250.00; 43 223.00; 39 162.00; 41 124.00; 

Name:Propene
Peaks:41 1000.00; 39 740.00; 42 696.00; 27 384.00; 40 290.00; 38 203.00; 37 134.00; 26 113.00; 15 59.00; 14 39.00; 

Name:Rotary Pump Oil
Peaks:57 1000.00; 43 733.00; 55 727.00; 41 325.00; 56 224.00; 42 60.00; 58 47.00; 0 0.00; 0 0.00; 0 0.00; 

Name:Silane
Peaks:30 1000.00; 31 780.00; 29 290.00; 28 270.00; 32 70.00; 33 20.00; 2 20.00; 0 0.00; 0 0.00; 0 0.00; 

Name:Silicon tetrafluoride
Peaks:85 1000.00; 86 52.00; 28 40.00; 33 37.00; 87 34.00; 47 32.00; 19 19.00; 104 15.00; 14 6.00; 66 5.00; 

Name:Styrene
Peaks:104 1000.00; 103 400.00; 78 320.00; 51 280.00; 77 220.00; 50 130.00; 105 120.00; 39 100.00; 0 0.00; 0 0.00; 

Name:Sulfur dioxide
Peaks:64 1000.00; 48 493.00; 32 104.00; 16 52.00; 66 49.00; 50 23.00; 24 8.00; 49 4.00; 34 4.00; 0 0.00; 

Name:Sulfur Hexafluoride
Peaks:127 1000.00; 89 263.00; 108 89.00; 51 76.00; 53 74.00; 70 53.00; 32 51.00; 35 46.00; 36 20.00; 0 0.00; 

Name:Tetrafluoromethane
Peaks:69 1000.00; 50 118.00; 19 67.00; 31 49.00; 25 39.00; 34 12.00; 70 10.00; 51 1.00; 0 0.00; 0 0.00; 

Name:Toluene
Peaks:91 1000.00; 92 785.00; 50 710.00; 39 206.00; 65 138.00; 51 107.00; 63 101.00; 90 91.00; 27 60.00; 38 57.00; 

Name:Trichlorfluoromethane
Peaks:101 1000.00; 103 604.00; 35 163.00; 66 148.00; 47 120.00; 31 103.00; 105 97.00; 37 53.00; 68 48.00; 82 41.00; 

Name:Trichloroethylene
Peaks:60 399.00; 62 130.00; 25 106.00; 47 92.00; 35 69.00; 59 61.00; 49 31.00; 61 29.00; 48 29.00; 37 23.00; 

Name:Trimethyl Gallium
Peaks:69 1000.00; 15 766.80; 28 646.60; 16 646.60; 71 618.40; 99 413.40; 101 255.60; 114 210.50; 14 204.90; 116 130.20; 

Name:Tungsten hexafluoride
Peaks:279 1000.00; 281 930.00; 278 460.00; 260 140.00; 262 130.00; 241 130.00; 258 120.00; 243 120.00; 224 120.00; 222 120.00; 

Name:Turbo Pump Oil
Peaks:42 1000.00; 57 880.00; 41 760.00; 55 730.00; 71 520.00; 69 490.00; 0 0.00; 0 0.00; 0 0.00; 0 0.00; 

Name:Vinyl Chloride
Peaks:27 1000.00; 62 885.00; 28 365.00; 26 337.00; 64 274.00; 25 132.00; 35 78.00; 47 48.00; 36 45.00; 0 0.00; 

Name:Water
Peaks:18 1000.00; 17 230.00; 16 11.00; 2 7.00; 20 3.00; 19 1.00; 0 0.00; 0 0.00; 0 0.00; 0 0.00; 

Name:Xenon
Peaks:132 1000.00; 129 983.00; 131 787.70; 128 713.00; 134 388.20; 136 329.90; 130 151.70; 66 100.00; 67 38.80; 68 33.00; 

Name:Unknown
Peaks:0 0.00; 0 0.00; 0 0.00; 0 0.00; 0 0.00; 0 0.00; 0 0.00; 0 0.00; 0 0.00; 0 0.00; 

